1 1      249.75    604.15    404.48    348.49    281.31
1 2      227.56    527.36    414.52    324.32    210.29 
1 3      368.18    711.87    490.14    331.84    297.12 
2 1      615.42    548.00    359.91    376.66    593.01 
2 2      756.11    59.78     363.74    351.99    523.45 
2 3      481.54    464.04    415.98    317.41    447.33 
3 1      610.40    529.91    389.65    385.01    253.22 
3 2      534.73    436.40    439.23    400.99    241.25 
3 3      488.87    277.88    414.90    367.00    77.56 
4 1      587.84    186.90    399.76    556.27    55.25 
4 2      627.27    478.44    470.98    501.10    312.92 
4 3      594.91    454.60    409.16    429.03    268.36 
5 1      358.48    480.34    530.92    273.63    321.65 
5 2      341.18    238.63    414.71    344.45    370.12 
5 3      409.65    537.39    566.61    278.46    417.95 
6 1      530.40    430.57    309.84    245.79    552.34 
6 2      644.79    352.27    311.07    226.46    437.38 
6 3      619.42    256.40    287.13    294.35    714.34 
7 1      592.22    563.79    298.57    260.88    508.33 
7 2      588.89    862.62    502.44    260.02    351.95 
7 3      627.72    521.22    400.76    256.94    432.98 
8 1      605.05    420.44    303.72    265.78    549.18 
8 2      620.72    519.95    303.81    321.96    451.01 
8 3      711.55    375.29    274.21    227.00    459.69 
9 1      493.93    425.79    361.44    300.38    29.60 
9 2      457.53    450.88    335.19    286.33    239.92 
9 3      366.90    264.96    434.37    285.10    14.92 
10 1     479.98    611.18    302.20    336.88    700.12 
10 2      671.50    372.21    270.94    302.40    461.48 
10 3     471.44    284.37    300.48    383.68    851.41
